.Random.seed <-
c(10403L, 10L, -2127053481L, 8473933L, 59379940L, -213316406L, 
-1169530571L, 1482975119L, -1018415978L, -1113523136L, 1258564867L, 
-640999135L, 1586080272L, -747392530L, 428680601L, -616611285L, 
-1139002598L, 738396636L, -118702113L, 1446660021L, -536551092L, 
-2052905054L, 625626877L, 932601847L, -426792674L, -386296872L, 
-820742853L, -2021174567L, -1112682904L, -261795946L, 708492049L, 
1400345795L, -565994286L, 1024428388L, 1456204967L, 312693245L, 
1333001204L, -1840728870L, -1542023643L, -2110338241L, 824453318L, 
828581200L, -332984973L, -879224943L, -176838208L, 48540574L, 
1126831465L, 1319800219L, -1182084950L, 448753356L, 1934774159L, 
465263557L, -1816330372L, 1205469138L, -664170675L, -1546195449L, 
650161646L, -1132980024L, -1942431797L, 482992681L, -1581916040L, 
-536085082L, 434907073L, 697769043L, -834014462L, -531671500L, 
-2048339017L, 629429165L, 236198084L, 1289641194L, 2027524949L, 
-2001976081L, 524503798L, -183044576L, -1814893597L, 807051393L, 
-967778576L, -1151890034L, 1052549881L, 1007018123L, -763172678L, 
1876384700L, -955784961L, -1188117419L, 2025541484L, -112664638L, 
-2102986723L, 228083863L, -1589586434L, 1368049080L, -724858469L, 
1859227641L, -381331640L, 596636278L, 1461439409L, 47150563L, 
-84981070L, -135436540L, -1456964537L, -1969022179L, -1688616556L, 
216982842L, -1192216187L, -876471713L, 2051587302L, -405065872L, 
-917196653L, 737508657L, -1353856032L, -1656047490L, -1644838135L, 
1499530555L, 583588106L, -1752749844L, -1193831057L, 1454422693L, 
1493439580L, 1466512434L, 765973293L, 1090816487L, -53619442L, 
1253993192L, 124609771L, 67091849L, -1086055144L, 1986560070L, 
690579617L, -901632205L, 1408818850L, 1237405076L, 134485015L, 
624342029L, -1277075164L, -465924854L, -1674253195L, 1358677967L, 
270338262L, 278792320L, 175756995L, 472465505L, -20410160L, 876972590L, 
1511963609L, 1582515179L, 304030298L, 415396892L, 101658911L, 
-707231371L, 392429580L, -1549735454L, -1343925571L, 315534647L, 
-1998458402L, -855763176L, -424034693L, -703575015L, -2133369688L, 
1511462486L, 1979200209L, 586777219L, 1764579602L, 714398884L, 
1455942759L, -1636407875L, 476174132L, 95945882L, 571288293L, 
-543886209L, -808989178L, -1796834928L, 449725491L, 481151953L, 
70943104L, 2073586782L, -116765783L, -323538341L, -1519335830L, 
835570444L, -614253233L, -789510651L, -1690047300L, 552643986L, 
1231341197L, -1677378361L, -2118461010L, -994999288L, 1951709195L, 
-1976341271L, 1248185272L, 2083370086L, -1033317119L, -1028639853L, 
-1685875646L, -2032546828L, 928269815L, -1872086547L, -1335731580L, 
-346407766L, 1638304277L, -1911843153L, 1845613750L, 898630368L, 
1683349027L, 77898049L, 1373871152L, 1458726478L, -1386130759L, 
587876043L, -332603526L, -1740069252L, 1972462271L, 977388437L, 
514417580L, -358233726L, -124088483L, -363961769L, 1202497854L, 
1812064632L, 408871515L, -1594546759L, 289912840L, -938734922L, 
-708509199L, -2131019741L, 1005934706L, 310405828L, -1067336569L, 
1581387869L, -2112883116L, 807136600L, 1698844730L, -1716124816L, 
-1812720580L, 166046484L, 1010732482L, 1061424352L, -861440132L, 
-1571547440L, -1731700062L, -15494104L, -1628045044L, -1905685572L, 
-1801632462L, 1663072192L, 819078708L, 1128147912L, 929850554L, 
232556432L, -104977940L, -686910380L, 1335466642L, 1217080096L, 
-1899879988L, 1106271200L, -855501118L, 300062248L, -1973309780L, 
-442480964L, 503235058L, 1966512432L, 2064926884L, -2129413448L, 
1298292570L, -544899696L, -228823684L, 1685819668L, -91280062L, 
-333286656L, 496970684L, 346706768L, -540564190L, 1930766664L, 
1675496460L, -1540473764L, 595076306L, 756098048L, 123873108L, 
-623748632L, 1864776698L, 177998544L, 1994392876L, 424402164L, 
-2003033198L, -81515424L, -1668400884L, 329489120L, 446014818L, 
1987294888L, -1553498548L, -2073685124L, 1745395506L, 2122867312L, 
-1371795132L, 679512024L, 610321530L, -528078288L, 761245372L, 
-1050521772L, -239092158L, -181633120L, -2078171972L, 784077264L, 
314450274L, 1164961768L, -1586988084L, -581984516L, 1920238578L, 
1037603968L, 776757492L, 949383304L, -1226903238L, -1976331440L, 
-1324687252L, 576232596L, 173974866L, 2053898976L, 1772596428L, 
971992224L, 856714626L, 2138078440L, 322276588L, -1303623620L, 
602324082L, 346307696L, -811613660L, 1534072376L, -270884326L, 
1807021264L, 920553020L, 288624788L, -1699267454L, -1209640000L, 
-1266765508L, 1386847888L, 1567134754L, 471457800L, -1509219188L, 
562660380L, 1047212178L, -2041584512L, -185586668L, 1465431848L, 
1227495482L, -877008688L, 906553452L, -1153212748L, 2106895378L, 
311800800L, 1987306444L, -1210813984L, 226338850L, 683451688L, 
435310860L, -54164932L, -805959438L, -1778791184L, 1933875012L, 
-720343976L, 1828374074L, 1179816176L, -1317624132L, 1389453844L, 
588426434L, -1636640160L, 1890361724L, -1772188464L, 490645538L, 
1492337832L, 1756238220L, -1205677636L, 762993714L, -1519249600L, 
203346612L, -792167096L, -1607457094L, -305245424L, -781960980L, 
1101724756L, 746380050L, 1793342880L, -1187211316L, 1370415968L, 
-1434932030L, 228442664L, 1504603564L, -1908573380L, 791879538L, 
-2095882448L, 730608676L, -1030753736L, -1973508390L, -1130441840L, 
1907968252L, -111885932L, -2014825662L, 1871305216L, -1943210948L, 
-1294476720L, 74691746L, -349841592L, 376544780L, 2012597980L, 
-655552430L, 1569243264L, 1828055892L, 495309800L, -606649606L, 
644771664L, 677883948L, -80805516L, -1791171950L, 692335200L, 
-615918452L, -1422973600L, -76470046L, -2130874200L, 988793548L, 
330855932L, -548855886L, 292300784L, -397539900L, -43746984L, 
-1615817350L, 1344026032L, -970851908L, -2103784876L, -1288655422L, 
-219579616L, 1086933948L, -1211628464L, 2115571682L, -762498200L, 
605734732L, 17951484L, 287537906L, 174682368L, -1581394828L, 
-20485624L, 1205778874L, -340137520L, -274658324L, 613382036L, 
-1216594734L, -805083040L, 39522636L, -185518304L, -64021886L, 
-1485133336L, -1603415060L, 728968764L, -533665166L, -842305680L, 
166650148L, 2045341240L, 1886141850L, 1511228880L, 1593604254L, 
-1684464277L, -1081686803L, 473134426L, 1781495320L, -158424191L, 
918911283L, 819320660L, -456674974L, 716421623L, -2060322239L, 
1013452486L, -1863774204L, 487129013L, 1921003679L, -510825224L, 
587699414L, -764131997L, 209416485L, 1896490690L, -1629953104L, 
-1440104487L, 477624651L, 1615101884L, 1874057194L, 1379336223L, 
388761257L, 1378376254L, -1280743636L, -111001219L, 861528007L, 
-1229871440L, -94174002L, -2063569413L, -2098456995L, 2028298634L, 
745593256L, 804345617L, -505960957L, -96984828L, 222123314L, 
694813575L, 751079889L, -1556141226L, -1871994572L, -1202339771L, 
476416143L, -307567096L, -1297069530L, -1820861741L, 154840117L, 
-1506085998L, 1209865056L, 188100297L, -296627717L, 1869708748L, 
1739590746L, -1970523825L, 822005785L, 776795694L, -424305604L, 
-2114987603L, 727816791L, 287839136L, 1153677566L, -430175285L, 
-1837691443L, -2039037702L, -43728072L, 1518133473L, -2083867757L, 
642398132L, 1545776322L, -562052905L, 2041380129L, 1392602342L, 
-2013271580L, -418405099L, 1353727295L, -1603702568L, 2034217206L, 
1541786371L, -66454459L, 998659170L, 2074043344L, -1623734023L, 
981320235L, -983323236L, 311596490L, -1729247553L, 1675896841L, 
-171615970L, -831152948L, -975062883L, 726564135L, 61460304L, 
1811612142L, 834659995L, 392628477L, -1704325142L, 1587329160L, 
17532465L, -289013597L, 864433316L, 2097108306L, -872669017L, 
1822127345L, 806970422L, 111455444L, -195014555L, -1115170193L, 
1686312104L, 828666374L, -369519821L, -1177114731L, -160586766L, 
-1789568960L, -1469191767L, 1309255707L, -1659734548L, -1409628678L, 
-254766545L, 1674837561L, -1440339890L, -295538532L, 1016189453L, 
-1740247433L, -979130752L, -664525602L, -1012885589L, 290420909L, 
1482874138L, 1510799832L, -869203391L, -1323542285L, -216590572L, 
-1456095582L, -386975817L, 2020565889L, -1013460602L, -1660591164L, 
-2094993675L, -575833249L, -1701821000L, -1232118634L, 481620643L, 
-1163979675L, 473997698L, 243669744L, -532975975L, 1912943243L, 
